N semiconductor 10.022 mA
m = -0.134942e+0 ± 0.000653e+0
b = 0.458937e-5 ± 0.411086e-5
cov_mb = -2.558614e-9
chi2 = 5.878990e-6
reduced_chi2 = 2.939495e-6
r_xy = -1.000000
R_H = -0.134645e-1 ± 0.000652e-1
n = 0.464182e+21 ± 0.002246e+21
N semiconductor 20.002 mA
m = -0.257052e+0 ± 0.000871e+0
b = -0.612422e-4 ± 0.054723e-4
cov_mb = -4.544212e-9
chi2 = 4.527212e+0
reduced_chi2 = 2.263606e+0
r_xy = -0.999974
R_H = -0.128398e-1 ± 0.000435e-1
n = 0.486768e+21 ± 0.001649e+21
P semiconductor 9.959 mA
m = 0.103925e+0 ± 0.000612e+0
b = 0.612758e-5 ± 0.385038e-5
cov_mb = -2.246400e-9
chi2 = 1.493066e+1
reduced_chi2 = 7.465329e+0
r_xy = 0.999741
R_H = 0.104353e-1 ± 0.000615e-1
n = 0.598927e+21 ± 0.003529e+21
P semiconductor 19.975 mA
m = 0.209329e+0 ± 0.000773e+0
b = 0.146491e-4 ± 0.048578e-4
cov_mb = -3.575745e-9
chi2 = 2.034530e-1
reduced_chi2 = 1.017265e-1
r_xy = 0.999999
R_H = 0.104796e-1 ± 0.000387e-1
n = 0.596400e+21 ± 0.002201e+21
